id,answer
0,neutral
1,positivo
2,neutral
3,neutral
4,neutral
5,positivo
6,negativo
7,negativo
8,neutral
9,positivo
10,negativo
11,neutral
12,negativo
13,negativo
14,positivo
15,positivo
16,positivo
17,negativo
18,neutral
19,positivo
20,negativo
21,neutral
22,neutral
23,negativo
24,negativo
25,neutral
26,negativo
27,positivo
28,neutral
29,neutral
30,neutral
31,positivo
32,negativo
33,neutral
34,neutral
35,neutral
36,negativo
37,negativo
38,positivo
39,neutral
40,positivo
41,negativo
42,neutral
43,positivo
44,negativo
45,positivo
46,neutral
47,negativo
48,negativo
49,neutral
50,neutral
51,neutral
52,positivo
53,negativo
54,negativo
55,neutral
56,negativo
57,neutral
58,positivo
59,negativo
60,neutral
61,negativo
62,negativo
63,positivo
64,neutral
65,negativo
66,negativo
67,negativo
68,neutral
69,negativo
70,neutral
71,positivo
72,positivo
73,positivo
74,neutral
75,neutral
76,positivo
77,neutral
78,positivo
79,positivo
80,negativo
81,positivo
82,negativo
83,negativo
84,negativo
85,neutral
86,positivo
87,neutral
88,negativo
89,negativo
90,positivo
91,negativo
92,neutral
93,negativo
94,positivo
95,negativo
96,neutral
97,positivo
98,negativo
99,negativo
100,negativo
101,neutral
102,positivo
103,positivo
104,negativo
105,positivo
106,neutral
107,neutral
108,neutral
109,positivo
110,neutral
111,negativo
112,negativo
113,positivo
114,negativo
115,positivo
116,positivo
117,positivo
118,negativo
119,positivo
120,neutral
121,positivo
122,positivo
123,negativo
124,positivo
125,neutral
126,negativo
127,negativo
128,positivo
129,negativo
130,positivo
131,positivo
132,neutral
133,negativo
134,positivo
135,neutral
136,negativo
137,negativo
138,negativo
139,neutral
140,negativo
141,neutral
142,neutral
143,neutral
144,neutral
145,positivo
146,negativo
147,neutral
148,positivo
149,negativo
150,negativo
151,neutral
152,neutral
153,neutral
154,negativo
155,positivo
156,negativo
157,neutral
158,positivo
159,negativo
160,positivo
161,negativo
162,negativo
163,negativo
164,positivo
165,positivo
166,positivo
167,positivo
168,negativo
169,neutral
170,negativo
171,positivo
172,negativo
173,neutral
174,positivo
175,positivo
176,neutral
177,positivo
178,negativo
179,positivo
180,negativo
181,negativo
182,positivo
183,neutral
184,negativo
185,negativo
186,negativo
187,negativo
188,positivo
189,positivo
190,negativo
191,positivo
192,positivo
193,neutral
194,positivo
195,positivo
196,negativo
197,positivo
198,negativo
199,neutral
200,neutral
201,negativo
202,neutral
203,neutral
204,negativo
205,negativo
206,positivo
207,positivo
208,positivo
209,negativo
210,negativo
211,negativo
212,positivo
213,negativo
214,positivo
215,positivo
216,negativo
217,neutral
218,negativo
219,neutral
220,negativo
221,positivo
222,negativo
223,negativo
224,neutral
225,negativo
226,positivo
227,neutral
228,negativo
229,positivo
230,negativo
231,negativo
232,positivo
233,neutral
234,neutral
235,positivo
236,negativo
237,negativo
238,negativo
239,neutral
240,positivo
241,negativo
242,positivo
243,negativo
244,neutral
245,positivo
246,negativo
247,positivo
248,positivo
249,positivo
250,positivo
251,neutral
252,negativo
253,negativo
254,neutral
255,negativo
256,neutral
257,positivo
258,positivo
259,negativo
260,positivo
261,neutral
262,positivo
263,neutral
264,neutral
265,positivo
266,negativo
267,negativo
268,positivo
269,negativo
270,neutral
271,neutral
272,positivo
273,positivo
274,positivo
275,negativo
276,neutral
277,positivo
278,negativo
279,negativo
280,neutral
281,negativo
282,negativo
283,positivo
284,positivo
285,negativo
286,negativo
287,positivo
288,negativo
289,negativo
290,positivo
291,neutral
292,positivo
293,neutral
294,negativo
295,negativo
296,negativo
297,negativo
298,positivo
299,positivo
300,neutral
301,positivo
302,neutral
303,negativo
304,negativo
305,negativo
306,neutral
307,negativo
308,positivo
309,negativo
310,negativo
311,positivo
312,negativo
313,positivo
314,neutral
315,negativo
316,positivo
317,positivo
318,positivo
319,positivo
320,positivo
321,neutral
322,negativo
323,neutral
324,neutral
325,positivo
326,positivo
327,positivo
328,negativo
329,positivo
330,negativo
331,neutral
332,neutral
333,positivo
334,negativo
335,positivo
336,positivo
337,neutral
338,neutral
339,positivo
340,neutral
341,positivo
342,negativo
343,neutral
344,negativo
345,neutral
346,negativo
347,neutral
348,positivo
349,negativo
350,positivo
351,negativo
352,positivo
353,negativo
354,positivo
355,positivo
356,positivo
357,neutral
358,positivo
359,positivo
360,negativo
361,negativo
362,positivo
363,negativo
364,negativo
365,negativo
366,positivo
367,negativo
368,neutral
369,negativo
370,neutral
371,neutral
372,positivo
373,neutral
374,negativo
375,positivo
376,neutral
377,positivo
378,positivo
379,negativo
380,positivo
381,negativo
382,positivo
383,negativo
384,neutral
385,positivo
386,neutral
387,negativo
388,positivo
389,negativo
390,neutral
391,positivo
392,neutral
393,neutral
394,positivo
395,positivo
396,negativo
397,neutral
398,negativo
399,negativo
400,positivo
401,positivo
402,positivo
403,neutral
404,neutral
405,neutral
406,negativo
407,positivo
408,neutral
409,positivo
410,negativo
411,neutral
412,positivo
413,positivo
414,neutral
415,positivo
416,positivo
417,neutral
418,negativo
419,negativo
420,positivo
421,neutral
422,negativo
423,neutral
424,negativo
425,neutral
426,neutral
427,negativo
428,negativo
429,negativo
430,neutral
431,negativo
432,positivo
433,positivo
434,positivo
435,positivo
436,positivo
437,positivo
438,neutral
439,positivo
440,negativo
441,negativo
442,positivo
443,positivo
444,negativo
445,neutral
446,negativo
447,negativo
448,positivo
449,neutral
450,negativo
451,negativo
452,positivo
453,negativo
454,positivo
455,positivo
456,negativo
457,negativo
458,positivo
459,neutral
460,neutral
461,negativo
462,negativo
463,neutral
464,positivo
465,negativo
466,positivo
467,neutral
468,positivo
469,neutral
470,negativo
471,negativo
472,neutral
473,negativo
474,negativo
475,positivo
476,positivo
477,positivo
478,positivo
479,negativo
480,negativo
481,neutral
482,positivo
483,neutral
484,negativo
485,negativo
486,negativo
487,neutral
488,negativo
489,neutral
490,neutral
491,negativo
492,negativo
493,negativo
494,positivo
495,positivo
496,negativo
497,positivo
498,positivo
499,neutral
500,negativo
501,neutral
502,negativo
503,negativo
504,neutral
505,positivo
506,positivo
507,neutral
508,negativo
509,negativo
510,negativo
511,neutral
512,positivo
513,positivo
514,neutral
515,positivo
516,negativo
517,positivo
518,negativo
519,neutral
520,positivo
521,positivo
522,negativo
523,positivo
524,negativo
525,negativo
526,positivo
527,negativo
528,neutral
529,neutral
530,positivo
531,negativo
532,negativo
533,negativo
534,positivo
535,negativo
536,positivo
537,negativo
538,neutral
539,positivo
540,neutral
541,positivo
542,positivo
543,negativo
544,positivo
545,positivo
546,negativo
547,positivo
548,negativo
549,neutral
550,positivo
551,positivo
552,neutral
553,neutral
554,negativo
555,negativo
556,neutral
557,positivo
558,negativo
559,neutral
560,positivo
561,positivo
562,neutral
563,positivo
564,positivo
565,negativo
566,negativo
567,negativo
568,negativo
569,positivo
570,positivo
571,positivo
572,neutral
573,negativo
574,negativo
575,neutral
576,positivo
577,neutral
578,negativo
579,negativo
580,neutral
581,neutral
582,positivo
583,positivo
584,negativo
585,positivo
586,positivo
587,positivo
588,negativo
589,negativo
590,negativo
591,negativo
592,positivo
593,positivo
594,negativo
595,neutral
596,neutral
597,negativo
598,positivo
599,negativo
600,neutral
601,negativo
602,positivo
603,positivo
604,neutral
605,positivo
606,positivo
607,neutral
608,neutral
609,neutral
610,negativo
611,positivo
612,neutral
613,negativo
614,positivo
615,negativo
616,negativo
617,neutral
618,positivo
619,positivo
620,positivo
621,neutral
622,negativo
623,negativo
624,negativo
625,neutral
626,positivo
627,positivo
628,negativo
629,positivo
630,neutral
631,neutral
632,positivo
633,neutral
634,positivo
635,neutral
636,negativo
637,positivo
638,neutral
639,positivo
640,positivo
641,positivo
642,neutral
643,negativo
644,negativo
645,negativo
646,neutral
647,negativo
648,neutral
649,negativo
650,positivo
651,neutral
652,neutral
653,negativo
654,negativo
655,neutral
656,neutral
657,neutral
658,neutral
659,negativo
660,neutral
661,negativo
662,positivo
663,positivo
664,positivo
665,neutral
666,positivo
667,positivo
668,neutral
669,neutral
670,positivo
671,neutral
672,negativo
673,negativo
674,negativo
675,neutral
676,positivo
677,negativo
678,neutral
679,neutral
680,positivo
681,neutral
682,negativo
683,negativo
684,positivo
685,negativo
686,positivo
687,positivo
688,neutral
689,negativo
690,neutral
691,negativo
692,positivo
693,neutral
694,negativo
695,positivo
696,negativo
697,negativo
698,negativo
699,neutral
700,positivo
701,negativo
702,negativo
703,negativo
704,neutral
705,negativo
706,negativo
707,neutral
708,positivo
709,negativo
710,neutral
711,neutral
712,positivo
713,negativo
714,negativo
715,positivo
716,neutral
717,positivo
718,negativo
719,positivo
720,negativo
721,negativo
722,negativo
723,positivo
724,negativo
725,negativo
726,neutral
727,negativo
728,negativo
729,negativo
730,negativo
731,negativo
732,neutral
733,negativo
734,neutral
735,positivo
736,negativo
737,positivo
738,negativo
739,negativo
740,neutral
741,positivo
742,neutral
743,negativo
744,negativo
745,positivo
746,negativo
747,positivo
748,positivo
749,positivo
750,neutral
751,neutral
752,neutral
753,negativo
754,neutral
755,negativo
756,negativo
757,positivo
758,neutral
759,negativo
760,neutral
761,positivo
762,neutral
763,positivo
764,neutral
765,positivo
766,neutral
767,negativo
768,negativo
769,negativo
770,negativo
771,negativo
772,neutral
773,negativo
774,negativo
775,positivo
776,positivo
777,positivo
778,negativo
779,neutral
780,positivo
781,positivo
782,neutral
783,neutral
784,neutral
785,neutral
786,positivo
787,negativo
788,positivo
789,positivo
790,negativo
791,negativo
792,negativo
793,negativo
794,positivo
795,positivo
796,positivo
797,positivo
798,neutral
799,neutral
800,neutral
801,positivo
802,neutral
803,positivo
804,positivo
805,positivo
806,negativo
807,positivo
808,neutral
809,positivo
810,negativo
811,positivo
812,neutral
813,positivo
814,positivo
815,positivo
816,neutral
817,negativo
818,positivo
819,positivo
820,negativo
821,neutral
822,neutral
823,positivo
824,positivo
825,positivo
826,negativo
827,positivo
828,negativo
829,negativo
830,negativo
831,negativo
832,negativo
833,positivo
834,negativo
835,negativo
836,positivo
837,positivo
838,positivo
839,positivo
840,negativo
841,positivo
842,positivo
843,positivo
844,neutral
845,positivo
846,positivo
847,neutral
848,positivo
849,negativo
850,neutral
851,neutral
852,neutral
853,neutral
854,positivo
855,negativo
856,negativo
857,neutral
858,positivo
859,negativo
860,negativo
861,neutral
862,negativo
863,neutral
864,neutral
865,neutral
866,positivo
867,neutral
868,neutral
869,neutral
870,neutral
871,positivo
872,negativo
873,positivo
874,neutral
875,neutral
876,positivo
877,positivo
878,negativo
879,negativo
880,neutral
881,neutral
882,positivo
883,positivo
884,negativo
885,negativo
886,neutral
887,negativo
888,neutral
889,positivo
890,negativo
891,neutral
892,negativo
893,negativo
894,neutral
895,negativo
896,neutral
897,negativo
898,positivo
899,positivo
900,neutral
901,neutral
902,negativo
903,neutral
904,negativo
905,negativo
906,negativo
907,positivo
908,positivo
909,neutral
910,neutral
911,neutral
912,positivo
913,neutral
914,negativo
915,neutral
916,negativo
917,negativo
918,negativo
919,positivo
920,neutral
921,neutral
922,neutral
923,neutral
924,positivo
925,positivo
926,negativo
927,negativo
928,positivo
929,negativo
930,negativo
931,positivo
932,neutral
933,neutral
934,positivo
935,negativo
936,neutral
937,negativo
938,neutral
939,negativo
940,negativo
941,neutral
942,negativo
943,negativo
944,neutral
945,neutral
946,positivo
947,neutral
948,neutral
949,neutral
950,positivo
951,negativo
952,positivo
953,positivo
954,negativo
955,positivo
956,neutral
957,neutral
958,positivo
959,negativo
960,positivo
961,neutral
962,positivo
963,neutral
964,positivo
965,neutral
966,positivo
967,negativo
968,negativo
969,positivo
970,positivo
971,negativo
972,positivo
973,neutral
974,neutral
975,negativo
976,negativo
977,positivo
978,negativo
979,positivo
980,negativo
981,neutral
982,negativo
983,neutral
984,positivo
985,negativo
986,negativo
987,neutral
988,negativo
989,negativo
990,neutral
991,positivo
992,negativo
993,neutral
994,negativo
995,positivo
996,neutral
997,negativo
998,neutral
999,neutral
1000,negativo
1001,negativo
1002,negativo
1003,positivo
1004,positivo
1005,negativo
1006,positivo
1007,negativo
1008,positivo
1009,positivo
1010,positivo
1011,neutral
1012,positivo
1013,neutral
1014,neutral
1015,negativo
1016,negativo
1017,positivo
1018,negativo
1019,neutral
1020,negativo
1021,positivo
1022,positivo
1023,neutral
1024,negativo
1025,negativo
1026,positivo
1027,negativo
1028,negativo
1029,positivo
1030,positivo
1031,negativo
1032,positivo
1033,neutral
1034,negativo
1035,neutral
1036,positivo
1037,neutral
1038,negativo
1039,neutral
1040,neutral
1041,neutral
1042,neutral
1043,neutral
1044,positivo
1045,positivo
1046,negativo
1047,negativo
1048,negativo
1049,negativo
1050,positivo
1051,positivo
1052,positivo
1053,positivo
1054,positivo
1055,positivo
1056,positivo
1057,negativo
1058,neutral
1059,negativo
1060,positivo
1061,positivo
1062,positivo
1063,positivo
1064,negativo
1065,neutral
1066,positivo
1067,negativo
1068,positivo
1069,neutral
1070,negativo
1071,negativo
1072,neutral
1073,negativo
1074,negativo
1075,positivo
1076,negativo
1077,positivo
1078,negativo
1079,negativo
1080,negativo
1081,negativo
1082,negativo
1083,positivo
1084,negativo
1085,neutral
1086,negativo
1087,negativo
1088,neutral
1089,negativo
1090,neutral
1091,negativo
1092,positivo
1093,neutral
1094,neutral
1095,neutral
1096,positivo
1097,positivo
1098,positivo
1099,positivo
1100,positivo
1101,negativo
1102,neutral
1103,neutral
1104,neutral
1105,positivo
1106,positivo
1107,positivo
1108,positivo
1109,positivo
1110,positivo
1111,neutral
1112,neutral
1113,neutral
1114,neutral
1115,negativo
1116,positivo
1117,positivo
1118,negativo
1119,negativo
1120,positivo
1121,positivo
1122,negativo
1123,negativo
1124,positivo
1125,positivo
1126,positivo
1127,neutral
1128,negativo
1129,positivo
1130,neutral
1131,neutral
1132,neutral
1133,negativo
1134,positivo
1135,neutral
1136,negativo
1137,negativo
1138,neutral
1139,negativo
1140,negativo
1141,negativo
1142,negativo
1143,positivo
1144,neutral
1145,positivo
1146,negativo
1147,negativo
1148,negativo
1149,positivo
1150,positivo
1151,negativo
1152,neutral
1153,negativo
1154,positivo
1155,negativo
1156,positivo
1157,negativo
1158,negativo
1159,positivo
1160,positivo
1161,positivo
1162,neutral
1163,neutral
1164,positivo
1165,negativo
1166,negativo
1167,positivo
1168,positivo
1169,positivo
1170,neutral
1171,positivo
1172,negativo
1173,negativo
1174,positivo
1175,negativo
1176,neutral
1177,positivo
1178,positivo
1179,negativo
1180,negativo
1181,positivo
1182,neutral
1183,neutral
1184,negativo
1185,positivo
1186,neutral
1187,negativo
1188,neutral
1189,neutral
1190,positivo
1191,positivo
1192,positivo
1193,neutral
1194,positivo
1195,negativo
1196,positivo
1197,negativo
1198,negativo
1199,neutral
1200,negativo
1201,positivo
1202,positivo
1203,negativo
1204,positivo
1205,positivo
1206,neutral
1207,neutral
1208,negativo
1209,neutral
1210,positivo
1211,neutral
1212,neutral
1213,positivo
1214,neutral
1215,neutral
1216,negativo
1217,negativo
1218,neutral
1219,negativo
1220,positivo
1221,neutral
1222,positivo
1223,positivo
1224,neutral
1225,neutral
1226,neutral
1227,positivo
1228,negativo
1229,neutral
1230,neutral
1231,negativo
1232,neutral
1233,positivo
1234,neutral
1235,negativo
1236,positivo
1237,positivo
1238,positivo
1239,positivo
1240,neutral
1241,positivo
1242,positivo
1243,negativo
1244,positivo
1245,positivo
1246,neutral
1247,negativo
1248,neutral
1249,positivo
1250,negativo
1251,neutral
1252,negativo
1253,negativo
1254,neutral
1255,negativo
1256,negativo
1257,negativo
1258,negativo
1259,neutral
1260,negativo
1261,neutral
1262,negativo
1263,neutral
1264,negativo
1265,negativo
1266,neutral
1267,neutral
1268,neutral
1269,positivo
1270,positivo
1271,negativo
1272,neutral
1273,positivo
1274,negativo
1275,negativo
1276,neutral
1277,positivo
1278,positivo
1279,neutral
1280,negativo
1281,negativo
1282,neutral
1283,positivo
1284,positivo
1285,positivo
1286,neutral
1287,negativo
1288,negativo
1289,positivo
1290,positivo
1291,neutral
1292,positivo
1293,negativo
1294,positivo
1295,neutral
1296,negativo
1297,positivo
1298,neutral
1299,neutral
1300,neutral
1301,positivo
1302,neutral
1303,positivo
1304,negativo
1305,positivo
1306,positivo
1307,neutral
1308,negativo
1309,neutral
1310,negativo
1311,positivo
1312,negativo
1313,positivo
1314,neutral
1315,neutral
1316,negativo
1317,negativo
1318,positivo
1319,positivo
1320,negativo
1321,neutral
1322,negativo
1323,positivo
1324,positivo
1325,positivo
1326,negativo
1327,neutral
1328,positivo
1329,positivo
1330,negativo
1331,neutral
1332,positivo
1333,negativo
1334,neutral
1335,neutral
1336,positivo
1337,positivo
1338,neutral
1339,negativo
1340,positivo
1341,positivo
1342,positivo
1343,negativo
1344,neutral
1345,negativo
1346,positivo
1347,positivo
1348,negativo
1349,neutral
1350,positivo
1351,negativo
1352,positivo
1353,negativo
1354,negativo
1355,positivo
1356,positivo
1357,positivo
1358,positivo
1359,negativo
1360,negativo
1361,negativo
1362,positivo
1363,negativo
1364,negativo
1365,positivo
1366,negativo
1367,neutral
1368,negativo
1369,negativo
1370,negativo
1371,negativo
1372,neutral
1373,positivo
1374,positivo
1375,negativo
1376,positivo
1377,negativo
1378,negativo
1379,negativo
1380,negativo
1381,neutral
1382,neutral
1383,positivo
1384,positivo
1385,positivo
1386,neutral
1387,positivo
1388,neutral
1389,neutral
1390,positivo
1391,neutral
1392,negativo
1393,negativo
1394,positivo
1395,positivo
1396,positivo
1397,positivo
1398,positivo
1399,positivo
1400,positivo
1401,negativo
1402,negativo
1403,positivo
1404,neutral
1405,positivo
1406,neutral
1407,negativo
1408,positivo
1409,positivo
1410,neutral
1411,positivo
1412,negativo
1413,neutral
1414,positivo
1415,positivo
1416,positivo
1417,negativo
1418,positivo
1419,positivo
1420,negativo
1421,positivo
1422,neutral
1423,negativo
1424,positivo
1425,negativo
1426,neutral
1427,positivo
1428,negativo
1429,positivo
1430,neutral
1431,negativo
1432,negativo
1433,negativo
1434,negativo
1435,negativo
1436,negativo
1437,neutral
1438,positivo
1439,neutral
1440,positivo
1441,negativo
1442,negativo
1443,negativo
1444,negativo
1445,positivo
1446,neutral
1447,negativo
1448,negativo
1449,neutral
1450,negativo
1451,negativo
1452,positivo
1453,neutral
1454,neutral
1455,positivo
1456,neutral
1457,neutral
1458,positivo
1459,neutral
1460,negativo
1461,negativo
1462,positivo
1463,neutral
1464,positivo
1465,positivo
1466,negativo
1467,negativo
1468,positivo
1469,negativo
1470,negativo
1471,negativo
1472,negativo
1473,neutral
1474,positivo
1475,negativo
1476,negativo
1477,neutral
1478,neutral
1479,positivo
1480,neutral
1481,negativo
1482,negativo
1483,neutral
1484,negativo
1485,negativo
1486,negativo
1487,negativo
1488,positivo
1489,negativo
1490,negativo
1491,negativo
1492,positivo
1493,neutral
1494,negativo
1495,negativo
1496,positivo
1497,positivo
1498,neutral
1499,neutral
1500,negativo
1501,negativo
1502,positivo
1503,positivo
1504,positivo
1505,neutral
1506,positivo
1507,positivo
1508,positivo
1509,positivo
1510,positivo
1511,positivo
1512,negativo
1513,positivo
1514,positivo
1515,negativo
1516,positivo
1517,positivo
1518,positivo
1519,neutral
1520,neutral
1521,positivo
1522,neutral
1523,negativo
1524,negativo
1525,negativo
1526,positivo
1527,positivo
1528,positivo
1529,positivo
1530,neutral
1531,negativo
1532,neutral
1533,negativo
1534,positivo
1535,neutral
1536,positivo
1537,neutral
1538,positivo
1539,negativo
1540,negativo
1541,positivo
1542,neutral
1543,positivo
1544,negativo
1545,positivo
1546,neutral
1547,positivo
1548,neutral
1549,positivo
1550,neutral
1551,positivo
1552,negativo
1553,positivo
1554,neutral
1555,positivo
1556,neutral
1557,negativo
1558,neutral
1559,neutral
1560,positivo
1561,negativo
1562,negativo
1563,positivo
1564,neutral
1565,negativo
1566,negativo
1567,positivo
1568,positivo
1569,negativo
1570,neutral
1571,positivo
1572,positivo
1573,neutral
1574,negativo
1575,positivo
1576,neutral
1577,positivo
1578,positivo
1579,positivo
1580,negativo
1581,positivo
1582,positivo
1583,neutral
1584,positivo
1585,positivo
1586,neutral
1587,neutral
1588,positivo
1589,neutral
1590,neutral
1591,negativo
1592,positivo
1593,positivo
1594,neutral
1595,neutral
1596,neutral
1597,positivo
1598,positivo
1599,negativo
1600,negativo
1601,neutral
1602,positivo
1603,neutral
1604,negativo
1605,positivo
1606,positivo
1607,negativo
1608,negativo
1609,positivo
1610,positivo
1611,neutral
1612,negativo
1613,neutral
1614,negativo
1615,negativo
1616,positivo
1617,negativo
1618,neutral
1619,negativo
1620,neutral
1621,positivo
1622,negativo
1623,neutral
1624,negativo
1625,positivo
1626,negativo
1627,positivo
1628,positivo
1629,positivo
1630,positivo
1631,negativo
1632,positivo
1633,negativo
1634,neutral
1635,positivo
1636,negativo
1637,negativo
1638,negativo
1639,positivo
1640,neutral
1641,positivo
1642,negativo
1643,neutral
1644,neutral
1645,neutral
1646,neutral
1647,negativo
1648,neutral
1649,negativo
1650,neutral
1651,positivo
1652,positivo
1653,positivo
1654,neutral
1655,negativo
1656,negativo
1657,negativo
1658,negativo
1659,positivo
1660,negativo
1661,negativo
1662,positivo
1663,positivo
1664,negativo
1665,positivo
1666,positivo
1667,positivo
1668,negativo
1669,neutral
1670,neutral
1671,neutral
1672,negativo
1673,neutral
1674,positivo
1675,positivo
1676,positivo
1677,neutral
1678,negativo
1679,neutral
1680,negativo
1681,neutral
1682,negativo
1683,neutral
1684,positivo
1685,negativo
1686,positivo
1687,negativo
1688,positivo
1689,positivo
1690,positivo
1691,negativo
1692,negativo
1693,positivo
1694,neutral
1695,positivo
1696,negativo
1697,negativo
1698,neutral
1699,negativo
1700,negativo
1701,positivo
1702,positivo
1703,neutral
1704,positivo
1705,positivo
1706,neutral
1707,positivo
1708,positivo
1709,positivo
1710,neutral
1711,positivo
1712,neutral
1713,neutral
1714,positivo
1715,negativo
1716,positivo
1717,positivo
1718,negativo
1719,positivo
1720,positivo
1721,positivo
1722,negativo
1723,positivo
1724,negativo
1725,neutral
1726,positivo
1727,neutral
1728,negativo
1729,negativo
1730,positivo
1731,positivo
1732,positivo
1733,negativo
1734,positivo
1735,positivo
1736,negativo
1737,negativo
1738,neutral
1739,negativo
1740,negativo
1741,positivo
1742,positivo
1743,positivo
1744,neutral
1745,neutral
1746,negativo
1747,positivo
1748,negativo
1749,positivo
1750,positivo
1751,negativo
1752,neutral
1753,positivo
1754,positivo
1755,neutral
1756,positivo
1757,positivo
1758,negativo
1759,positivo
1760,positivo
1761,positivo
1762,neutral
1763,neutral
1764,positivo
1765,positivo
1766,positivo
1767,positivo
1768,negativo
1769,negativo
1770,negativo
1771,neutral
1772,positivo
1773,positivo
1774,positivo
1775,positivo
1776,negativo
1777,positivo
1778,negativo
1779,positivo
1780,positivo
1781,positivo
1782,positivo
1783,positivo
1784,positivo
1785,neutral
1786,neutral
1787,positivo
1788,negativo
1789,positivo
1790,negativo
1791,neutral
1792,neutral
1793,negativo
1794,negativo
1795,negativo
1796,neutral
1797,neutral
1798,negativo
1799,positivo
1800,negativo
1801,neutral
1802,negativo
1803,positivo
1804,negativo
1805,negativo
1806,positivo
1807,negativo
1808,negativo
1809,positivo
1810,neutral
1811,neutral
1812,negativo
1813,negativo
1814,neutral
1815,neutral
1816,negativo
1817,negativo
1818,positivo
1819,neutral
1820,negativo
1821,negativo
1822,positivo
1823,negativo
1824,negativo
1825,neutral
1826,positivo
1827,positivo
1828,neutral
1829,neutral
1830,negativo
1831,neutral
1832,positivo
1833,negativo
1834,positivo
1835,negativo
1836,neutral
1837,positivo
1838,positivo
1839,positivo
1840,neutral
1841,neutral
1842,negativo
1843,negativo
1844,neutral
1845,negativo
1846,neutral
1847,neutral
1848,negativo
1849,positivo
1850,neutral
1851,positivo
1852,positivo
1853,negativo
1854,negativo
1855,positivo
1856,positivo
1857,positivo
1858,positivo
1859,positivo
1860,positivo
1861,neutral
1862,positivo
1863,positivo
1864,negativo
1865,negativo
1866,positivo
1867,negativo
1868,neutral
1869,negativo
1870,neutral
1871,negativo
1872,negativo
1873,negativo
1874,positivo
1875,neutral
1876,neutral
1877,negativo
1878,positivo
1879,neutral
1880,neutral
1881,positivo
1882,neutral
1883,positivo
1884,positivo
1885,positivo
1886,negativo
1887,negativo
1888,positivo
1889,positivo
1890,negativo
1891,negativo
1892,positivo
1893,neutral
1894,neutral
1895,neutral
1896,positivo
1897,positivo
1898,neutral
1899,negativo
1900,neutral
1901,neutral
1902,negativo
1903,negativo
1904,negativo
1905,neutral
1906,positivo
1907,neutral
1908,negativo
1909,negativo
1910,positivo
1911,positivo
1912,positivo
1913,negativo
1914,neutral
1915,negativo
1916,positivo
1917,negativo
1918,neutral
1919,negativo
1920,positivo
1921,neutral
1922,positivo
1923,negativo
1924,negativo
1925,neutral
1926,negativo
1927,negativo
1928,neutral
1929,neutral
1930,negativo
1931,positivo
1932,neutral
1933,positivo
1934,negativo
1935,negativo
1936,neutral
1937,positivo
1938,neutral
1939,positivo
1940,neutral
1941,neutral
1942,positivo
1943,neutral
1944,negativo
1945,negativo
1946,negativo
1947,positivo
1948,positivo
1949,positivo
1950,neutral
1951,positivo
1952,negativo
1953,positivo
1954,negativo
1955,negativo
1956,negativo
1957,negativo
1958,positivo
1959,positivo
1960,positivo
1961,neutral
1962,neutral
1963,positivo
1964,positivo
1965,positivo
1966,positivo
1967,negativo
1968,negativo
1969,neutral
1970,neutral
1971,negativo
1972,negativo
1973,negativo
1974,negativo
1975,negativo
1976,positivo
1977,neutral
1978,negativo
1979,negativo
1980,positivo
1981,positivo
1982,positivo
1983,neutral
1984,neutral
1985,neutral
1986,neutral
1987,positivo
1988,neutral
1989,positivo
1990,positivo
1991,negativo
1992,neutral
1993,negativo
1994,neutral
1995,negativo
1996,positivo
1997,negativo
1998,neutral
1999,negativo
2000,positivo
2001,neutral
2002,negativo
2003,negativo
2004,positivo
2005,positivo
2006,neutral
2007,positivo
2008,positivo
2009,negativo
2010,neutral
2011,positivo
2012,negativo
2013,positivo
2014,negativo
2015,negativo
2016,negativo
2017,negativo
2018,negativo
2019,negativo
2020,negativo
2021,negativo
2022,negativo
2023,neutral
2024,negativo
2025,positivo
2026,positivo
2027,positivo
2028,negativo
2029,negativo
2030,neutral
2031,neutral
2032,negativo
2033,positivo
2034,negativo
2035,negativo
2036,positivo
2037,negativo
2038,negativo
2039,negativo
2040,negativo
2041,negativo
2042,neutral
2043,negativo
2044,positivo
2045,positivo
2046,positivo
2047,positivo
2048,positivo
2049,negativo
2050,negativo
2051,negativo
2052,positivo
2053,positivo
2054,negativo
2055,negativo
2056,negativo
2057,negativo
2058,positivo
2059,positivo
2060,neutral
2061,positivo
2062,positivo
2063,negativo
2064,negativo
2065,positivo
2066,neutral
2067,positivo
2068,negativo
2069,positivo
2070,neutral
2071,positivo
2072,positivo
2073,positivo
2074,neutral
2075,neutral
2076,neutral
2077,negativo
2078,positivo
2079,positivo
2080,negativo
2081,neutral
2082,positivo
2083,negativo
2084,neutral
2085,positivo
2086,negativo
2087,positivo
2088,positivo
2089,negativo
2090,negativo
2091,positivo
2092,negativo
2093,negativo
2094,negativo
2095,neutral
2096,positivo
2097,neutral
2098,negativo
2099,neutral
2100,negativo
2101,negativo
2102,neutral
2103,negativo
2104,negativo
2105,neutral
2106,negativo
2107,negativo
2108,neutral
2109,positivo
2110,positivo
2111,negativo
2112,neutral
2113,negativo
2114,negativo
2115,neutral
2116,positivo
2117,negativo
2118,positivo
2119,neutral
2120,negativo
2121,neutral
2122,positivo
2123,neutral
2124,positivo
2125,neutral
2126,negativo
2127,positivo
2128,positivo
2129,neutral
2130,negativo
2131,negativo
2132,negativo
2133,negativo
2134,negativo
2135,negativo
2136,positivo
2137,positivo
2138,positivo
2139,negativo
2140,negativo
2141,positivo
2142,negativo
2143,positivo
2144,positivo
2145,negativo
2146,neutral
2147,positivo
2148,positivo
2149,positivo
2150,neutral
2151,positivo
2152,positivo
2153,positivo
2154,negativo
2155,neutral
2156,negativo
2157,negativo
2158,positivo
2159,negativo
2160,negativo
2161,positivo
2162,negativo
2163,positivo
2164,positivo
2165,neutral
2166,negativo
2167,neutral
2168,neutral
2169,neutral
2170,negativo
2171,positivo
2172,positivo
2173,neutral
2174,positivo
2175,negativo
2176,negativo
2177,positivo
2178,neutral
2179,positivo
2180,positivo
2181,neutral
2182,positivo
2183,negativo
2184,positivo
2185,positivo
2186,positivo
2187,neutral
2188,negativo
2189,negativo
2190,positivo
2191,negativo
2192,negativo
2193,neutral
2194,neutral
2195,positivo
2196,neutral
2197,negativo
2198,negativo
2199,neutral
2200,neutral
2201,negativo
2202,negativo
2203,negativo
2204,negativo
2205,negativo
2206,neutral
2207,negativo
2208,negativo
2209,negativo
2210,negativo
2211,neutral
2212,negativo
2213,positivo
2214,neutral
2215,neutral
2216,neutral
2217,negativo
2218,neutral
2219,positivo
2220,negativo
2221,negativo
2222,positivo
2223,negativo
2224,negativo
2225,neutral
2226,negativo
2227,neutral
2228,neutral
2229,positivo
2230,negativo
2231,positivo
2232,negativo
2233,positivo
2234,neutral
2235,neutral
2236,neutral
2237,negativo
2238,positivo
2239,negativo
2240,negativo
2241,positivo
2242,negativo
2243,negativo
2244,negativo
2245,neutral
2246,negativo
2247,positivo
2248,negativo
2249,negativo
2250,neutral
2251,positivo
2252,positivo
2253,neutral
2254,negativo
2255,neutral
2256,negativo
2257,negativo
2258,neutral
2259,positivo
2260,positivo
2261,negativo
2262,positivo
2263,positivo
2264,positivo
2265,neutral
2266,neutral
2267,neutral
2268,neutral
2269,positivo
2270,positivo
2271,positivo
2272,positivo
2273,negativo
2274,positivo
2275,neutral
2276,negativo
2277,positivo
2278,negativo
2279,positivo
2280,negativo
2281,positivo
2282,neutral
2283,neutral
2284,positivo
2285,positivo
2286,negativo
2287,negativo
2288,positivo
2289,positivo
2290,positivo
2291,negativo
2292,negativo
2293,negativo
2294,positivo
2295,positivo
2296,negativo
2297,negativo
2298,positivo
2299,neutral
2300,neutral
2301,negativo
2302,neutral
2303,neutral
2304,neutral
2305,negativo
2306,negativo
2307,positivo
2308,neutral
2309,neutral
2310,positivo
2311,neutral
2312,positivo
2313,negativo
2314,negativo
2315,negativo
2316,neutral
2317,negativo
2318,positivo
2319,neutral
2320,negativo
2321,neutral
2322,negativo
2323,neutral
2324,negativo
2325,negativo
2326,positivo
2327,positivo
2328,neutral
2329,negativo
2330,negativo
2331,positivo
2332,positivo
2333,negativo
2334,neutral
2335,positivo
2336,positivo
2337,positivo
2338,neutral
2339,neutral
2340,negativo
2341,positivo
2342,negativo
2343,negativo
2344,negativo
2345,positivo
2346,neutral
2347,negativo
2348,negativo
2349,neutral
2350,neutral
2351,neutral
2352,negativo
2353,positivo
2354,neutral
2355,positivo
2356,negativo
2357,positivo
2358,positivo
2359,negativo
2360,negativo
2361,positivo
2362,negativo
2363,neutral
2364,positivo
2365,neutral
2366,neutral
2367,negativo
2368,neutral
2369,neutral
2370,neutral
2371,neutral
2372,negativo
2373,positivo
2374,negativo
2375,positivo
2376,negativo
2377,neutral
2378,negativo
2379,positivo
2380,negativo
2381,negativo
2382,positivo
2383,negativo
2384,negativo
2385,negativo
2386,positivo
2387,negativo
2388,neutral
2389,positivo
2390,negativo
2391,neutral
2392,negativo
2393,negativo
2394,neutral
2395,negativo
2396,neutral
2397,negativo
2398,negativo
2399,positivo
2400,positivo
2401,positivo
2402,positivo
2403,negativo
2404,positivo
2405,negativo
2406,negativo
2407,negativo
2408,positivo
2409,positivo
2410,negativo
2411,neutral
2412,positivo
2413,negativo
2414,neutral
2415,positivo
2416,positivo
2417,neutral
2418,negativo
2419,positivo
2420,positivo
2421,neutral
2422,negativo
2423,neutral
2424,positivo
2425,negativo
2426,positivo
2427,positivo
2428,positivo
2429,positivo
2430,neutral
2431,negativo
2432,negativo
2433,positivo
2434,positivo
2435,negativo
2436,negativo
2437,positivo
2438,neutral
2439,neutral
2440,negativo
2441,neutral
2442,neutral
2443,negativo
2444,positivo
2445,positivo
2446,neutral
2447,neutral
2448,neutral
2449,neutral
2450,negativo
2451,negativo
2452,neutral
2453,neutral
2454,neutral
2455,negativo
2456,neutral
2457,positivo
2458,positivo
2459,negativo
2460,positivo
2461,neutral
2462,positivo
2463,negativo
2464,negativo
2465,negativo
2466,neutral
2467,negativo
2468,neutral
2469,positivo
2470,positivo
2471,neutral
2472,negativo
2473,neutral
2474,positivo
2475,positivo
2476,neutral
2477,neutral
2478,negativo
2479,negativo
2480,negativo
2481,neutral
2482,positivo
2483,neutral
2484,negativo
2485,positivo
2486,neutral
2487,negativo
2488,positivo
2489,positivo
2490,neutral
2491,neutral
2492,negativo
2493,positivo
2494,positivo
2495,neutral
2496,positivo
2497,positivo
2498,positivo
2499,positivo
2500,neutral
2501,neutral
2502,negativo
2503,negativo
2504,negativo
2505,neutral
2506,negativo
2507,neutral
2508,positivo
2509,negativo
2510,positivo
2511,negativo
2512,positivo
2513,positivo
2514,negativo
2515,negativo
2516,neutral
2517,positivo
2518,negativo
2519,neutral
2520,negativo
2521,positivo
2522,neutral
2523,positivo
2524,positivo
2525,negativo
2526,positivo
2527,positivo
2528,positivo
2529,positivo
2530,positivo
2531,neutral
2532,negativo
2533,negativo
2534,positivo
2535,neutral
2536,negativo
2537,neutral
2538,neutral
2539,positivo
2540,neutral
2541,negativo
2542,positivo
2543,negativo
2544,positivo
2545,negativo
2546,neutral
2547,negativo
2548,positivo
2549,positivo
2550,positivo
2551,neutral
2552,positivo
2553,negativo
2554,positivo
2555,positivo
2556,positivo
2557,negativo
2558,neutral
2559,neutral
2560,negativo
2561,negativo
2562,positivo
2563,positivo
2564,negativo
2565,positivo
2566,negativo
2567,positivo
2568,positivo
2569,neutral
2570,positivo
2571,neutral
2572,neutral
2573,negativo
2574,positivo
2575,positivo
2576,positivo
2577,neutral
2578,neutral
2579,positivo
2580,negativo
2581,negativo
2582,neutral
2583,negativo
2584,neutral
2585,positivo
2586,positivo
2587,positivo
2588,positivo
2589,positivo
2590,negativo
2591,neutral
2592,neutral
2593,neutral
2594,negativo
2595,neutral
2596,negativo
2597,positivo
2598,positivo
2599,positivo
2600,neutral
2601,negativo
2602,negativo
2603,negativo
2604,positivo
2605,neutral
2606,negativo
2607,positivo
2608,negativo
2609,positivo
2610,neutral
2611,negativo
2612,negativo
2613,positivo
2614,neutral
2615,negativo
2616,positivo
2617,neutral
2618,positivo
2619,negativo
2620,neutral
2621,neutral
2622,negativo
2623,neutral
2624,neutral
2625,negativo
2626,positivo
2627,negativo
2628,negativo
2629,neutral
2630,neutral
2631,neutral
2632,neutral
2633,negativo
2634,positivo
2635,positivo
2636,negativo
2637,negativo
2638,negativo
2639,neutral
2640,positivo
2641,negativo
2642,negativo
2643,negativo
2644,negativo
2645,positivo
2646,negativo
2647,negativo
2648,negativo
2649,neutral
2650,negativo
2651,positivo
2652,positivo
2653,negativo
2654,neutral
2655,positivo
2656,positivo
2657,neutral
2658,neutral
2659,positivo
2660,neutral
2661,neutral
2662,negativo
2663,neutral
2664,negativo
2665,negativo
2666,positivo
2667,neutral
2668,negativo
2669,positivo
2670,negativo
2671,neutral
2672,negativo
2673,neutral
2674,positivo
2675,negativo
2676,neutral
2677,neutral
2678,neutral
2679,neutral
2680,neutral
2681,neutral
2682,negativo
2683,neutral
2684,positivo
2685,positivo
2686,positivo
2687,positivo
2688,negativo
2689,positivo
2690,positivo
2691,negativo
2692,positivo
2693,positivo
2694,negativo
2695,negativo
2696,positivo
2697,neutral
2698,negativo
2699,neutral
2700,neutral
2701,positivo
2702,negativo
2703,neutral
2704,neutral
2705,neutral
2706,negativo
2707,positivo
2708,positivo
2709,positivo
2710,positivo
2711,neutral
2712,positivo
2713,positivo
2714,neutral
2715,positivo
2716,negativo
2717,negativo
2718,positivo
2719,negativo
2720,neutral
2721,positivo
2722,neutral
2723,positivo
2724,neutral
2725,positivo
2726,positivo
2727,positivo
2728,negativo
2729,negativo
2730,negativo
2731,negativo
2732,neutral
2733,negativo
2734,positivo
2735,positivo
2736,neutral
2737,neutral
2738,positivo
2739,negativo
2740,neutral
2741,negativo
2742,negativo
2743,positivo
2744,positivo
2745,positivo
2746,neutral
2747,positivo
2748,negativo
2749,negativo
2750,positivo
2751,positivo
2752,positivo
2753,positivo
2754,positivo
2755,negativo
2756,negativo
2757,neutral
2758,negativo
2759,negativo
2760,positivo
2761,negativo
2762,positivo
2763,neutral
2764,negativo
2765,positivo
2766,neutral
2767,positivo
2768,neutral
2769,positivo
2770,neutral
2771,negativo
2772,positivo
2773,negativo
2774,positivo
2775,neutral
2776,neutral
2777,neutral
2778,neutral
2779,positivo
2780,negativo
2781,positivo
2782,positivo
2783,negativo
2784,neutral
2785,neutral
2786,positivo
2787,negativo
2788,negativo
2789,neutral
2790,positivo
2791,neutral
2792,negativo
2793,negativo
2794,negativo
2795,positivo
2796,positivo
2797,neutral
2798,negativo
2799,negativo
2800,negativo
2801,negativo
2802,negativo
2803,positivo
2804,neutral
2805,positivo
2806,negativo
2807,positivo
2808,negativo
2809,positivo
2810,negativo
2811,positivo
2812,neutral
2813,neutral
2814,positivo
2815,negativo
2816,negativo
2817,positivo
2818,positivo
2819,negativo
2820,positivo
2821,positivo
2822,positivo
2823,positivo
2824,negativo
2825,positivo
2826,neutral
2827,negativo
2828,positivo
2829,neutral
2830,neutral
2831,positivo
2832,neutral
2833,neutral
2834,neutral
2835,negativo
2836,negativo
2837,positivo
2838,neutral
2839,positivo
2840,neutral
2841,negativo
2842,negativo
2843,positivo
2844,positivo
2845,neutral
2846,neutral
2847,positivo
2848,negativo
2849,positivo
2850,neutral
2851,positivo
2852,positivo
2853,negativo
2854,neutral
2855,positivo
2856,negativo
2857,negativo
2858,negativo
2859,positivo
2860,negativo
2861,positivo
2862,positivo
2863,neutral
2864,neutral
2865,negativo
2866,neutral
2867,neutral
2868,negativo
2869,negativo
2870,neutral
2871,positivo
2872,neutral
2873,neutral
2874,positivo
2875,negativo
2876,negativo
2877,negativo
2878,negativo
2879,neutral
2880,negativo
2881,neutral
2882,neutral
2883,positivo
2884,negativo
2885,neutral
2886,negativo
2887,positivo
2888,positivo
2889,positivo
2890,negativo
2891,positivo
2892,neutral
2893,neutral
2894,positivo
2895,positivo
2896,negativo
2897,neutral
2898,neutral
2899,neutral
2900,neutral
2901,negativo
2902,negativo
2903,positivo
2904,negativo
2905,neutral
2906,positivo
2907,positivo
2908,negativo
2909,positivo
2910,positivo
2911,positivo
2912,negativo
2913,positivo
2914,neutral
2915,negativo
2916,negativo
2917,positivo
2918,negativo
2919,neutral
2920,positivo
2921,negativo
2922,negativo
2923,negativo
2924,neutral
2925,negativo
2926,positivo
2927,negativo
2928,negativo
2929,positivo
2930,neutral
2931,negativo
2932,neutral
2933,negativo
2934,neutral
2935,neutral
2936,negativo
2937,positivo
2938,negativo
2939,neutral
2940,negativo
2941,positivo
2942,positivo
2943,positivo
2944,positivo
2945,negativo
2946,positivo
2947,positivo
2948,neutral
2949,negativo
2950,negativo
2951,negativo
2952,neutral
2953,negativo
2954,positivo
2955,positivo
2956,neutral
2957,neutral
2958,positivo
2959,positivo
2960,positivo
2961,positivo
2962,negativo
2963,negativo
2964,negativo
2965,neutral
2966,positivo
2967,positivo
2968,positivo
2969,neutral
2970,negativo
2971,negativo
2972,neutral
2973,negativo
2974,neutral
2975,positivo
2976,neutral
2977,negativo
2978,neutral
2979,neutral
2980,negativo
2981,positivo
2982,positivo
2983,positivo
2984,negativo
2985,positivo
2986,positivo
2987,neutral
2988,neutral
2989,negativo
2990,positivo
2991,neutral
2992,positivo
2993,neutral
2994,negativo
2995,positivo
2996,neutral
2997,positivo
2998,negativo
2999,negativo
